rows   10    colums    10
550    495    440    385    330    275    220    165    110    55    
550    495    440    385    330    275    220    165    110    55    
550    495    440    385    330    275    220    165    110    55    
550    495    440    385    330    275    220    165    110    55    
550    495    440    385    330    275    220    165    110    55    
550    495    440    385    330    275    220    165    110    55    
550    495    440    385    330    275    220    165    110    55    
550    495    440    385    330    275    220    165    110    55    
550    495    440    385    330    275    220    165    110    55    
550    495    440    385    330    275    220    165    110    55    
